b = 29.44,c = 21.311,q = 0.21275,offset = 3,len = 6
b = 40.777,c = 29.26,q = 0.18326,offset = 4,len = 6
b = 53.396,c = 38.207,q = 0.16136,offset = 5,len = 6
b = 67.227,c = 48.085,q = 0.14445,offset = 6,len = 6
################################################################################
################################################################################
bmin = 29.44, bmax = 67.227, cmin = 21.311, cmax = 48.085, qmin = 0.14445, qmax = 0.21275
