b = -0.51815,c = 1.0724,q = 2.1045,offset = 3,len = 6
b = -0.066896,c = 1.1312,q = 2.0804,offset = 4,len = 6
b = 0.34084,c = 1.1758,q = 2.0638,offset = 5,len = 6
b = 0.6879,c = 1.2083,q = 2.0526,offset = 6,len = 6
################################################################################
################################################################################
bmin = -0.51815, bmax = 0.6879, cmin = 1.0724, cmax = 1.2083, qmin = 2.0526, qmax = 2.1045
