b = -3.8903,c = 0.2325,q = 2.5838,offset = 3,len = 6
b = -1.1374,c = 0.44719,q = 2.2837,offset = 4,len = 6
b = -2.0989,c = 0.37705,q = 2.3578,offset = 5,len = 6
b = -0.54467,c = 0.46973,q = 2.2667,offset = 6,len = 6
################################################################################
################################################################################
bmin = -3.8903, bmax = -0.54467, cmin = 0.2325, cmax = 0.46973, qmin = 2.2667, qmax = 2.5838
