b = -4.5548,c = 0.57546,q = 1.9784,offset = 3,len = 6
b = -5.0716,c = 0.51497,q = 2.0247,offset = 4,len = 6
b = -4.7729,c = 0.5458,q = 2.0012,offset = 5,len = 6
b = -6.3032,c = 0.45147,q = 2.071,offset = 6,len = 6
################################################################################
################################################################################
bmin = -6.3032, bmax = -4.5548, cmin = 0.45147, cmax = 0.57546, qmin = 1.9784, qmax = 2.071
