b = -3.9054,c = 0.66269,q = 2.1804,offset = 3,len = 6
b = -3.9645,c = 0.64714,q = 2.1927,offset = 4,len = 6
b = -3.1595,c = 0.73264,q = 2.1378,offset = 5,len = 6
b = -4.3928,c = 0.6382,q = 2.1945,offset = 6,len = 6
################################################################################
################################################################################
bmin = -4.3928, bmax = -3.1595, cmin = 0.6382, cmax = 0.73264, qmin = 2.1378, qmax = 2.1945
