b = 6.2328,c = 5.5873,q = 0.30022,offset = 3,len = 6
b = 18.338,c = 12.57,q = 0.21708,offset = 4,len = 6
b = 21.137,c = 14.344,q = 0.20504,offset = 5,len = 6
b = 32.261,c = 21.215,q = 0.17362,offset = 6,len = 6
################################################################################
################################################################################
bmin = 6.2328, bmax = 32.261, cmin = 5.5873, cmax = 21.215, qmin = 0.17362, qmax = 0.30022
