b = 15.716,c = 13.442,q = 0.22701,offset = 3,len = 6
b = 21.744,c = 17.403,q = 0.20237,offset = 4,len = 6
b = 32.427,c = 24.69,q = 0.1723,offset = 5,len = 6
b = 36.756,c = 27.654,q = 0.1635,offset = 6,len = 6
################################################################################
################################################################################
bmin = 15.716, bmax = 36.756, cmin = 13.442, cmax = 27.654, qmin = 0.1635, qmax = 0.22701
