b = -4.2695,c = 0.20148,q = 2.3363,offset = 3,len = 6
b = -2.0041,c = 0.35527,q = 2.1062,offset = 4,len = 6
b = -3.2375,c = 0.27943,q = 2.1991,offset = 5,len = 6
b = -2.1124,c = 0.33148,q = 2.1363,offset = 6,len = 6
################################################################################
################################################################################
bmin = -4.2695, bmax = -2.0041, cmin = 0.20148, cmax = 0.35527, qmin = 2.1062, qmax = 2.3363
