b = -8.3226,c = 0.78154,q = 2.1887,offset = 3,len = 6
b = -7.5679,c = 0.86842,q = 2.1409,offset = 4,len = 6
b = -7.3115,c = 0.89268,q = 2.1292,offset = 5,len = 6
b = -7.6139,c = 0.86544,q = 2.1423,offset = 6,len = 6
################################################################################
################################################################################
bmin = -8.3226, bmax = -7.3115, cmin = 0.78154, cmax = 0.89268, qmin = 2.1292, qmax = 2.1887
