b = 15.016,c = 15.922,q = 0.22835,offset = 3,len = 6
b = 25.493,c = 22.979,q = 0.19333,offset = 4,len = 6
b = 35.597,c = 29.9,q = 0.17118,offset = 5,len = 6
b = 44.805,c = 36.199,q = 0.15668,offset = 6,len = 6
################################################################################
################################################################################
bmin = 15.016, bmax = 44.805, cmin = 15.922, cmax = 36.199, qmin = 0.15668, qmax = 0.22835
