b = 0.73611,c = 0.47217,q = 2.117,offset = 3,len = 6
b = 0.9682,c = 0.49214,q = 2.1001,offset = 4,len = 6
b = 1.1619,c = 0.50554,q = 2.0897,offset = 5,len = 6
b = 1.288,c = 0.51265,q = 2.0846,offset = 6,len = 6
################################################################################
################################################################################
bmin = 0.73611, bmax = 1.288, cmin = 0.47217, cmax = 0.51265, qmin = 2.0846, qmax = 2.117
