b = 15.309,c = 6.055,q = 0.30289,offset = 3,len = 6
b = 22.517,c = 10.005,q = 0.24936,offset = 4,len = 6
b = 31.002,c = 14.917,q = 0.21221,offset = 5,len = 6
b = 40.964,c = 20.903,q = 0.18441,offset = 6,len = 6
################################################################################
################################################################################
bmin = 15.309, bmax = 40.964, cmin = 6.055, cmax = 20.903, qmin = 0.18441, qmax = 0.30289
