b = 3.8674,c = 0.21964,q = 2.3438,offset = 3,len = 6
b = 4.4294,c = 0.25441,q = 2.2829,offset = 4,len = 6
b = 4.941,c = 0.28146,q = 2.2432,offset = 5,len = 6
b = 5.5003,c = 0.30656,q = 2.2111,offset = 6,len = 6
################################################################################
################################################################################
bmin = 3.8674, bmax = 5.5003, cmin = 0.21964, cmax = 0.30656, qmin = 2.2111, qmax = 2.3438
