b = 1.3848,c = 0.54416,q = 2.3366,offset = 3,len = 6
b = 2.1573,c = 0.61939,q = 2.2769,offset = 4,len = 6
b = 2.8841,c = 0.68004,q = 2.2362,offset = 5,len = 6
b = 3.507,c = 0.72497,q = 2.2096,offset = 6,len = 6
################################################################################
################################################################################
bmin = 1.3848, bmax = 3.507, cmin = 0.54416, cmax = 0.72497, qmin = 2.2096, qmax = 2.3366
