b = 19.828,c = 11.654,q = 0.25592,offset = 3,len = 6
b = 29.003,c = 17.39,q = 0.21577,offset = 4,len = 6
b = 39.46,c = 24.111,q = 0.18702,offset = 5,len = 6
b = 50.978,c = 31.65,q = 0.16568,offset = 6,len = 6
################################################################################
################################################################################
bmin = 19.828, bmax = 50.978, cmin = 11.654, cmax = 31.65, qmin = 0.16568, qmax = 0.25592
