b = 4.2864,c = 0.25352,q = 2.5921,offset = 3,len = 6
b = 5.244,c = 0.32109,q = 2.4815,offset = 4,len = 6
b = 6.1759,c = 0.38037,q = 2.4066,offset = 5,len = 6
b = 7.157,c = 0.43613,q = 2.3489,offset = 6,len = 6
################################################################################
################################################################################
bmin = 4.2864, bmax = 7.157, cmin = 0.25352, cmax = 0.43613, qmin = 2.3489, qmax = 2.5921
