b = -3.3776,c = 0.79819,q = 1.8953,offset = 3,len = 6
b = -5.7747,c = 0.55002,q = 2.0442,offset = 4,len = 6
b = -6.201,c = 0.52069,q = 2.0649,offset = 5,len = 6
b = -5.8431,c = 0.54298,q = 2.0493,offset = 6,len = 6
################################################################################
################################################################################
bmin = -6.201, bmax = -3.3776, cmin = 0.52069, cmax = 0.79819, qmin = 1.8953, qmax = 2.0649
