b = -2.5735,c = 0.91906,q = 2.0867,offset = 3,len = 6
b = -4.5541,c = 0.69167,q = 2.2143,offset = 4,len = 6
b = -4.497,c = 0.69996,q = 2.2087,offset = 5,len = 6
b = -3.6311,c = 0.76671,q = 2.1707,offset = 6,len = 6
################################################################################
################################################################################
bmin = -4.5541, bmax = -2.5735, cmin = 0.69167, cmax = 0.91906, qmin = 2.0867, qmax = 2.2143
