b = 22.493,c = 17.988,q = 0.21047,offset = 3,len = 6
b = 23.595,c = 18.843,q = 0.2056,offset = 4,len = 6
b = 32.066,c = 24.454,q = 0.18291,offset = 5,len = 6
b = 44.412,c = 32.692,q = 0.16039,offset = 6,len = 6
################################################################################
################################################################################
bmin = 22.493, bmax = 44.412, cmin = 17.988, cmax = 32.692, qmin = 0.16039, qmax = 0.21047
