b = -2.5652,c = 0.017174,q = 3.2723,offset = 3,len = 6
b = -2.8232,c = 0.01182,q = 3.4533,offset = 4,len = 6
b = -2.9226,c = 0.010744,q = 3.4965,offset = 5,len = 6
b = -2.8064,c = 0.011961,q = 3.4483,offset = 6,len = 6
################################################################################
################################################################################
bmin = -2.9226, bmax = -2.5652, cmin = 0.010744, cmax = 0.017174, qmin = 3.2723, qmax = 3.4965
