b = -5.6418,c = 0.78985,q = 2.1189,offset = 3,len = 6
b = -5.8065,c = 0.76951,q = 2.1307,offset = 4,len = 6
b = -5.9218,c = 0.75803,q = 2.1372,offset = 5,len = 6
b = -6.0073,c = 0.75101,q = 2.141,offset = 6,len = 6
################################################################################
################################################################################
bmin = -6.0073, bmax = -5.6418, cmin = 0.75101, cmax = 0.78985, qmin = 2.1189, qmax = 2.141
