b = -1.4238,c = 0.13031,q = 1.6589,offset = 3,len = 6
b = -1.7643,c = 0.063684,q = 1.9757,offset = 4,len = 6
b = -2.1967,c = 0.022062,q = 2.4385,offset = 5,len = 6
b = -2.6801,c = 0.0053301,q = 3.0524,offset = 6,len = 6
################################################################################
################################################################################
bmin = -2.6801, bmax = -1.4238, cmin = 0.0053301, cmax = 0.13031, qmin = 1.6589, qmax = 3.0524
