b = 1.4608,c = 2.4939,q = 0.12957,offset = 3,len = 6
b = 0.3133,c = 1.5655,q = 0.16728,offset = 4,len = 6
b = -0.72965,c = 0.8659,q = 0.21864,offset = 5,len = 6
b = -1.5981,c = 0.43818,q = 0.28003,offset = 6,len = 6
################################################################################
################################################################################
bmin = -1.5981, bmax = 1.4608, cmin = 0.43818, cmax = 2.4939, qmin = 0.12957, qmax = 0.28003
