b = -1.4934,c = 0.113,q = 1.5163,offset = 3,len = 6
b = -1.8461,c = 0.050807,q = 1.8307,offset = 4,len = 6
b = -2.271,c = 0.016348,q = 2.2711,offset = 5,len = 6
b = -2.7424,c = 0.0036294,q = 2.8493,offset = 6,len = 6
################################################################################
################################################################################
bmin = -2.7424, bmax = -1.4934, cmin = 0.0036294, cmax = 0.113, qmin = 1.5163, qmax = 2.8493
