b = -2.6361,c = 0.01477,q = 2.948,offset = 3,len = 6
b = -2.9448,c = 0.0091756,q = 3.1522,offset = 4,len = 6
b = -3.1101,c = 0.0076485,q = 3.2261,offset = 5,len = 6
b = -3.0807,c = 0.0079487,q = 3.2103,offset = 6,len = 6
################################################################################
################################################################################
bmin = -3.1101, bmax = -2.6361, cmin = 0.0076485, cmax = 0.01477, qmin = 2.948, qmax = 3.2261
