b = -0.96629,c = 0.58462,q = 0.42745,offset = 3,len = 6
b = -0.66046,c = 0.68971,q = 0.4069,offset = 4,len = 6
b = 0.18506,c = 0.94879,q = 0.37142,offset = 5,len = 6
b = 1.7595,c = 1.4248,q = 0.33067,offset = 6,len = 6
################################################################################
################################################################################
bmin = -0.96629, bmax = 1.7595, cmin = 0.58462, cmax = 1.4248, qmin = 0.33067, qmax = 0.42745
