b = 16.617,c = 15.722,q = 0.21565,offset = 3,len = 6
b = 23.188,c = 20.257,q = 0.19174,offset = 4,len = 6
b = 30.801,c = 25.486,q = 0.17238,offset = 5,len = 6
b = 39.453,c = 31.414,q = 0.15647,offset = 6,len = 6
################################################################################
################################################################################
bmin = 16.617, bmax = 39.453, cmin = 15.722, cmax = 31.414, qmin = 0.15647, qmax = 0.21565
