b = 0.90713,c = 0.77795,q = 2.2102,offset = 3,len = 6
b = 1.5019,c = 0.84585,q = 2.172,offset = 4,len = 6
b = 2.0754,c = 0.90133,q = 2.1445,offset = 5,len = 6
b = 2.6078,c = 0.94565,q = 2.1247,offset = 6,len = 6
################################################################################
################################################################################
bmin = 0.90713, bmax = 2.6078, cmin = 0.77795, cmax = 0.94565, qmin = 2.1247, qmax = 2.2102
