b = 24.528,c = 15.939,q = 0.23249,offset = 3,len = 6
b = 34.64,c = 22.671,q = 0.19846,offset = 4,len = 6
b = 46.109,c = 30.446,q = 0.1734,offset = 5,len = 6
b = 58.863,c = 39.201,q = 0.15421,offset = 6,len = 6
################################################################################
################################################################################
bmin = 24.528, bmax = 58.863, cmin = 15.939, cmax = 39.201, qmin = 0.15421, qmax = 0.23249
