b = 0.11473,c = 0.67532,q = 2.005,offset = 3,len = 6
b = 0.089843,c = 0.67283,q = 2.0065,offset = 4,len = 6
b = 0.073514,c = 0.67153,q = 2.0072,offset = 5,len = 6
b = 0.064879,c = 0.67097,q = 2.0075,offset = 6,len = 6
################################################################################
################################################################################
bmin = 0.064879, bmax = 0.11473, cmin = 0.67097, cmax = 0.67532, qmin = 2.005, qmax = 2.0075
