b = 9.2102,c = 8.1631e-05,q = 0.99484,offset = 3,len = 6
b = 9.2103,c = 8.4497e-05,q = 0.98995,offset = 4,len = 6
b = 9.2107,c = 9.1082e-05,q = 0.98029,offset = 5,len = 6
b = 9.2125,c = 0.00010638,q = 0.96195,offset = 6,len = 6
################################################################################
################################################################################
bmin = 9.2102, bmax = 9.2125, cmin = 8.1631e-05, cmax = 0.00010638, qmin = 0.96195, qmax = 0.99484
