b = -2.6748,c = 0.46473,q = 2.0579,offset = 3,len = 6
b = -2.8618,c = 0.44758,q = 2.0732,offset = 4,len = 6
b = -3.0086,c = 0.43707,q = 2.0824,offset = 5,len = 6
b = -3.1266,c = 0.43027,q = 2.0882,offset = 6,len = 6
################################################################################
################################################################################
bmin = -3.1266, bmax = -2.6748, cmin = 0.43027, cmax = 0.46473, qmin = 2.0579, qmax = 2.0882
