b = -252.36,c = -261.7,q = -0.00036944,offset = 3,len = 6
b = -522.58,c = -532.13,q = -0.00042235,offset = 4,len = 6
b = 9.2027,c = 1.5291e-08,q = 7.9392,offset = 5,len = 6
b = 9.1972,c = 4.9032e-09,q = 8.4725,offset = 6,len = 6
################################################################################
################################################################################
bmin = -522.58, bmax = 9.2027, cmin = -532.13, cmax = 1.5291e-08, qmin = -0.00042235, qmax = 8.4725
