b = 4.4893,c = 0.00028201,q = 5.0654,offset = 3,len = 6
b = 4.5374,c = 0.00038988,q = 4.8995,offset = 4,len = 6
b = 4.7271,c = 0.00071549,q = 4.6076,offset = 5,len = 6
b = 5.154,c = 0.0015009,q = 4.2701,offset = 6,len = 6
################################################################################
################################################################################
bmin = 4.4893, bmax = 5.154, cmin = 0.00028201, cmax = 0.0015009, qmin = 4.2701, qmax = 5.0654
