b = 4.7904,c = 0.033157,q = 0.73572,offset = 3,len = 6
b = 5.1462,c = 0.071663,q = 0.63119,offset = 4,len = 6
b = 5.921,c = 0.16791,q = 0.52851,offset = 5,len = 6
b = 7.3816,c = 0.39175,q = 0.4374,offset = 6,len = 6
################################################################################
################################################################################
bmin = 4.7904, bmax = 7.3816, cmin = 0.033157, cmax = 0.39175, qmin = 0.4374, qmax = 0.73572
