b = 4.4732,c = 0.00023347,q = 4.547,offset = 3,len = 6
b = 4.4993,c = 0.00028848,q = 4.4508,offset = 4,len = 6
b = 4.6492,c = 0.0004835,q = 4.2311,offset = 5,len = 6
b = 5.0113,c = 0.00094868,q = 3.9591,offset = 6,len = 6
################################################################################
################################################################################
bmin = 4.4732, bmax = 5.0113, cmin = 0.00023347, cmax = 0.00094868, qmin = 3.9591, qmax = 4.547
