b = 14.993,c = 11.177,q = 0.24372,offset = 3,len = 6
b = 21.845,c = 15.578,q = 0.21089,offset = 4,len = 6
b = 29.785,c = 20.736,q = 0.18586,offset = 5,len = 6
b = 38.773,c = 26.629,q = 0.16624,offset = 6,len = 6
################################################################################
################################################################################
bmin = 14.993, bmax = 38.773, cmin = 11.177, cmax = 26.629, qmin = 0.16624, qmax = 0.24372
