b = -261.22,c = -270.56,q = -0.00031219,offset = 3,len = 6
b = 9.2057,c = 3.6181e-08,q = 6.6323,offset = 4,len = 6
b = 9.2021,c = 8.4977e-09,q = 7.2577,offset = 5,len = 6
b = 9.1961,c = 2.2807e-09,q = 7.8029,offset = 6,len = 6
################################################################################
################################################################################
bmin = -261.22, bmax = 9.2057, cmin = -270.56, cmax = 3.6181e-08, qmin = -0.00031219, qmax = 7.8029
