b = -1.1308,c = 0.32712,q = 2.4361,offset = 3,len = 6
b = -0.75923,c = 0.35863,q = 2.3933,offset = 4,len = 6
b = -0.32503,c = 0.38925,q = 2.3572,offset = 5,len = 6
b = 0.13667,c = 0.41703,q = 2.3282,offset = 6,len = 6
################################################################################
################################################################################
bmin = -1.1308, bmax = 0.13667, cmin = 0.32712, cmax = 0.41703, qmin = 2.3282, qmax = 2.4361
