b = 0.56,c = 1.088,q = 0.98513,offset = 3,len = 6
b = 0.49337,c = 1.0593,q = 0.99414,offset = 4,len = 6
b = 0.46575,c = 1.0486,q = 0.99744,offset = 5,len = 6
b = 0.45317,c = 1.044,q = 0.99878,offset = 6,len = 6
b = 0.44688,c = 1.042,q = 0.99938,offset = 7,len = 6
################################################################################
################################################################################
bmin = 0.44688, bmax = 0.56, cmin = 1.042, cmax = 1.088, qmin = 0.98513, qmax = 0.99938
