b = 1.9126,c = 2.1906,q = 0.87176,offset = 3,len = 6
b = 1.7305,c = 2.0801,q = 0.89093,offset = 4,len = 6
b = 1.4589,c = 1.9313,q = 0.91729,offset = 5,len = 6
b = 1.1908,c = 1.7981,q = 0.94186,offset = 6,len = 6
b = 0.9674,c = 1.6969,q = 0.96125,offset = 7,len = 6
################################################################################
################################################################################
bmin = 0.9674, bmax = 1.9126, cmin = 1.6969, cmax = 2.1906, qmin = 0.87176, qmax = 0.96125
