b = 1.9014,c = 0.52026,q = 2.0868,offset = 3,len = 6
b = 2.095,c = 0.53773,q = 2.0733,offset = 4,len = 6
b = 2.2796,c = 0.55126,q = 2.0637,offset = 5,len = 6
b = 2.4605,c = 0.56224,q = 2.0564,offset = 6,len = 6
b = 2.6394,c = 0.57142,q = 2.0506,offset = 7,len = 6
################################################################################
################################################################################
bmin = 1.9014, bmax = 2.6394, cmin = 0.52026, cmax = 0.57142, qmin = 2.0506, qmax = 2.0868
