b = 30.275,c = 19.358,q = 0.22578,offset = 3,len = 6
b = 40.606,c = 26.844,q = 0.19268,offset = 4,len = 6
b = 51.073,c = 34.49,q = 0.17039,offset = 5,len = 6
b = 62.133,c = 42.571,q = 0.15364,offset = 6,len = 6
b = 74.236,c = 51.393,q = 0.14006,offset = 7,len = 6
################################################################################
################################################################################
bmin = 30.275, bmax = 74.236, cmin = 19.358, cmax = 51.393, qmin = 0.14006, qmax = 0.22578
