b = 36.086,c = 20.367,q = 0.24794,offset = 3,len = 6
b = 14.211,c = 1.9564,q = 0.89054,offset = 4,len = 6
b = 3.7538,c = 8.5021e-07,q = 6.8194,offset = 5,len = 6
b = 3.7976,c = 9.6018e-05,q = 4.7833,offset = 6,len = 6
b = 9.842,c = 0.024603,q = 2.6938,offset = 7,len = 6
################################################################################
################################################################################
bmin = 3.7538, bmax = 36.086, cmin = 8.5021e-07, cmax = 20.367, qmin = 0.24794, qmax = 6.8194
