b = 131.35,c = 115.36,q = 0.066743,offset = 3,len = 6
b = 16.04,c = 3.6157,q = 0.80009,offset = 4,len = 6
b = 3.7772,c = 9.7272e-06,q = 6.849,offset = 5,len = 6
b = 3.8594,c = 0.00056954,q = 4.7718,offset = 6,len = 6
b = 10.064,c = 0.070147,q = 2.6702,offset = 7,len = 6
################################################################################
################################################################################
bmin = 3.7772, bmax = 131.35, cmin = 9.7272e-06, cmax = 115.36, qmin = 0.066743, qmax = 6.849
