b = 13146,c = 13133,q = 0.00014572,offset = 3,len = 6
b = 2136.1,c = 2122.7,q = 0.00097621,offset = 4,len = 6
b = 4.1823,c = 0.010854,q = 0.90949,offset = 5,len = 6
b = 5.238,c = 0.17244,q = 0.53964,offset = 6,len = 6
b = 18.573,c = 4.3677,q = 0.22569,offset = 7,len = 6
################################################################################
################################################################################
bmin = 4.1823, bmax = 13146, cmin = 0.010854, cmax = 13133, qmin = 0.00014572, qmax = 0.90949
