b = 2.6087,c = 0.93779,q = 1.7261,offset = 3,len = 6
b = -0.27992,c = 0.50887,q = 1.9775,offset = 4,len = 6
b = -6.3139,c = 0.15386,q = 2.4425,offset = 5,len = 6
b = -11.398,c = 0.04673,q = 2.9028,offset = 6,len = 6
b = 3.5394,c = 0.53047,q = 2.0006,offset = 7,len = 6
################################################################################
################################################################################
bmin = -11.398, bmax = 3.5394, cmin = 0.04673, cmax = 0.93779, qmin = 1.7261, qmax = 2.9028
