b = 4.9207,c = 2.0893,q = 1.6614,offset = 3,len = 6
b = 1.545,c = 1.2168,q = 1.9195,offset = 4,len = 6
b = -5.2072,c = 0.41741,q = 2.4012,offset = 5,len = 6
b = -10.7,c = 0.14481,q = 2.8758,offset = 6,len = 6
b = 4.8488,c = 1.1948,q = 1.9712,offset = 7,len = 6
################################################################################
################################################################################
bmin = -10.7, bmax = 4.9207, cmin = 0.14481, cmax = 2.0893, qmin = 1.6614, qmax = 2.8758
