b = 43.214,c = 33.101,q = 0.14557,offset = 3,len = 6
b = 31.659,c = 23.331,q = 0.17816,offset = 4,len = 6
b = 15.655,c = 12.614,q = 0.23511,offset = 5,len = 6
b = 6.5348,c = 7.8421,q = 0.28127,offset = 6,len = 6
b = 68.878,c = 48.144,q = 0.12982,offset = 7,len = 6
################################################################################
################################################################################
bmin = 6.5348, bmax = 68.878, cmin = 7.8421, cmax = 48.144, qmin = 0.12982, qmax = 0.28127
