b = 2.0437,c = 0.035686,q = 3.3435,offset = 3,len = 6
b = 4.4143,c = 0.18131,q = 2.5173,offset = 4,len = 6
b = 2.3371,c = 0.081952,q = 2.8791,offset = 5,len = 6
b = 5.2879,c = 0.1778,q = 2.5506,offset = 6,len = 6
b = -0.24633,c = 0.032804,q = 3.2837,offset = 7,len = 6
################################################################################
################################################################################
bmin = -0.24633, bmax = 5.2879, cmin = 0.032804, cmax = 0.18131, qmin = 2.5173, qmax = 3.3435
