b = 1.8031,c = 0.010929,q = 3.3212,offset = 3,len = 6
b = 3.8571,c = 0.064609,q = 2.5558,offset = 4,len = 6
b = 1.9059,c = 0.025936,q = 2.9133,offset = 5,len = 6
b = 4.7662,c = 0.063926,q = 2.5811,offset = 6,len = 6
b = -0.51204,c = 0.0093791,q = 3.3005,offset = 7,len = 6
################################################################################
################################################################################
bmin = -0.51204, bmax = 4.7662, cmin = 0.0093791, cmax = 0.064609, qmin = 2.5558, qmax = 3.3212
