b = 4.4703,c = 0.85652,q = 0.49442,offset = 3,len = 6
b = 12.167,c = 4.4187,q = 0.28334,offset = 4,len = 6
b = 9.7392,c = 3.3857,q = 0.30946,offset = 5,len = 6
b = 18.831,c = 7.4921,q = 0.23542,offset = 6,len = 6
b = 9.3368,c = 3.3343,q = 0.30992,offset = 7,len = 6
################################################################################
################################################################################
bmin = 4.4703, bmax = 18.831, cmin = 0.85652, cmax = 7.4921, qmin = 0.23542, qmax = 0.49442
