b = -5.0311,c = 0.69431,q = 1.9814,offset = 3,len = 6
b = -4.9877,c = 0.69812,q = 1.9793,offset = 4,len = 6
b = -5.086,c = 0.68955,q = 1.9841,offset = 5,len = 6
b = -5.2419,c = 0.67866,q = 1.9899,offset = 6,len = 6
b = -5.4262,c = 0.66801,q = 1.9956,offset = 7,len = 6
################################################################################
################################################################################
bmin = -5.4262, bmax = -4.9877, cmin = 0.66801, cmax = 0.69812, qmin = 1.9793, qmax = 1.9956
