b = 29.747,c = 25.073,q = 0.20229,offset = 3,len = 6
b = 40.746,c = 33.449,q = 0.17458,offset = 4,len = 6
b = 50.864,c = 41.168,q = 0.15693,offset = 5,len = 6
b = 61.155,c = 48.967,q = 0.14362,offset = 6,len = 6
b = 72.308,c = 57.347,q = 0.13257,offset = 7,len = 6
################################################################################
################################################################################
bmin = 29.747, bmax = 72.308, cmin = 25.073, cmax = 57.347, qmin = 0.13257, qmax = 0.20229
