b = 2.9331,c = 2.861,q = 0.29147,offset = 3,len = 6
b = 2.3718,c = 2.5507,q = 0.30482,offset = 4,len = 6
b = 2.5292,c = 2.6392,q = 0.30082,offset = 5,len = 6
b = 3.5255,c = 3.0985,q = 0.2844,offset = 6,len = 6
b = 5.475,c = 3.9506,q = 0.26179,offset = 7,len = 6
################################################################################
################################################################################
bmin = 2.3718, bmax = 5.475, cmin = 2.5507, cmax = 3.9506, qmin = 0.26179, qmax = 0.30482
