b = -1.6073,c = 0.1775,q = 2.3481,offset = 3,len = 6
b = -2.3769,c = 0.10189,q = 2.622,offset = 4,len = 6
b = -2.9975,c = 0.06866,q = 2.8079,offset = 5,len = 6
b = -3.4033,c = 0.055505,q = 2.9036,offset = 6,len = 6
b = -3.561,c = 0.052108,q = 2.9306,offset = 7,len = 6
################################################################################
################################################################################
bmin = -3.561, bmax = -1.6073, cmin = 0.052108, cmax = 0.1775, qmin = 2.3481, qmax = 2.9306
