b = -1.9957,c = 0.069122,q = 2.3745,offset = 3,len = 6
b = -2.7319,c = 0.035334,q = 2.6565,offset = 4,len = 6
b = -3.3143,c = 0.02238,q = 2.8405,offset = 5,len = 6
b = -3.6833,c = 0.017734,q = 2.9305,offset = 6,len = 6
b = -3.8038,c = 0.016778,q = 2.951,offset = 7,len = 6
################################################################################
################################################################################
bmin = -3.8038, bmax = -1.9957, cmin = 0.016778, cmax = 0.069122, qmin = 2.3745, qmax = 2.951
