b = -6.1989,c = 0.78732,q = 1.8766,offset = 3,len = 6
b = -7.0836,c = 0.68263,q = 1.9338,offset = 4,len = 6
b = -7.8253,c = 0.61684,q = 1.9726,offset = 5,len = 6
b = -8.4619,c = 0.57282,q = 1.9999,offset = 6,len = 6
b = -9.0159,c = 0.54203,q = 2.0195,offset = 7,len = 6
################################################################################
################################################################################
bmin = -9.0159, bmax = -6.1989, cmin = 0.54203, cmax = 0.78732, qmin = 1.8766, qmax = 2.0195
