b = 30.415,c = 27.813,q = 0.17921,offset = 3,len = 6
b = 35.834,c = 32.104,q = 0.16598,offset = 4,len = 6
b = 41.578,c = 36.555,q = 0.15509,offset = 5,len = 6
b = 48.208,c = 41.587,q = 0.14518,offset = 6,len = 6
b = 56.061,c = 47.444,q = 0.13587,offset = 7,len = 6
################################################################################
################################################################################
bmin = 30.415, bmax = 56.061, cmin = 27.813, cmax = 47.444, qmin = 0.13587, qmax = 0.17921
