b = 24.832,c = 23.03,q = 0.04894,offset = 3,len = 6
b = 14.028,c = 12.616,q = 0.077589,offset = 4,len = 6
b = 7.9369,c = 7.1024,q = 0.11297,offset = 5,len = 6
b = 4.0635,c = 3.9947,q = 0.15449,offset = 6,len = 6
b = 1.3603,c = 2.2173,q = 0.20083,offset = 7,len = 6
################################################################################
################################################################################
bmin = 1.3603, bmax = 24.832, cmin = 2.2173, cmax = 23.03, qmin = 0.04894, qmax = 0.20083
