b = 1.3444,c = 0.83652,q = 1.2168,offset = 3,len = 6
b = 0.62081,c = 0.54626,q = 1.3985,offset = 4,len = 6
b = -0.30238,c = 0.29338,q = 1.6608,offset = 5,len = 6
b = -1.3542,c = 0.12628,q = 2.0148,offset = 6,len = 6
b = -2.4698,c = 0.042991,q = 2.4651,offset = 7,len = 6
################################################################################
################################################################################
bmin = -2.4698, bmax = 1.3444, cmin = 0.042991, cmax = 0.83652, qmin = 1.2168, qmax = 2.4651
