b = 0.70529,c = 0.40377,q = 1.3078,offset = 3,len = 6
b = 0.13524,c = 0.25606,q = 1.4793,offset = 4,len = 6
b = -0.61227,c = 0.13356,q = 1.7202,offset = 5,len = 6
b = -1.5312,c = 0.053722,q = 2.0539,offset = 6,len = 6
b = -2.5652,c = 0.016233,q = 2.4889,offset = 7,len = 6
################################################################################
################################################################################
bmin = -2.5652, bmax = 0.70529, cmin = 0.016233, cmax = 0.40377, qmin = 1.3078, qmax = 2.4889
